spill,15,921,285
drink,45,721,390
mess,45,715,307
stain,30,957,514
caffeine,30,746,156
hot,45,707,536
cold,300,595,539
good,30,644,426
bitter,45,845,359
horrible,45,930,88
Tim,0,754,452
Horton,0,859,134
Starbucks,0,561,243
espresso,300,874,359
jolt,15,818,257
morning,0,690,279
need,30,617,332
start,300,595,112
day,45,926,38
breakfast,15,921,178
break,15,835,216
co-workers,15,805,532
beans,45,767,345
ground,30,820,442
maker,0,829,49
coffee,30,746,93
grinder,300,529,362
over,0,594,459
talk,300,606,55
table,15,757,36
cup,15,686,95
mug,15,582,276
meet,45,640,201
sip,300,853,280
stir,300,958,327
sugar,30,945,428
milk,15,700,50
