horse,0,360,211
ride,300,85,258
breed,30,171,121
Clydesdale,0,192,79
mane,45,417,291
galop,300,38,568
hoof,15,439,41
horseshoe,30,86,409
saddle,300,548,279
sunset,15,343,436
plains,15,335,680
hill,300,462,641
eye,45,234,425
rock,45,226,294
brown,0,140,575
sit,0,700,50
stallion,0,23,192
roam,0,280,554
wild,15,245,158
train,300,535,78
domesticated,30,349,91
pony,15,541,160
tail,45,541,240
trail,0,660,115
colt,30,512,27
mare,45,121,668
foal,300,212,579
coat,45,506,406
brush,30,418,557
plow,15,128,329
work,0,700,50
beautiful,30,16,321
race,0,700,50
police,45,241,661
chase,30,176,208
graze,45,22,453
groom,300,338,260
